1,27,50,63,47,19,14,5,2,1,0,0   87.6
2,32,71,59,34,19,11,2,0,0,0,0   85.7
3,37,57,70,32,23,8,1,0,0,0,0    85.2
4,48,65,51,44,14,4,1,0,0,1,0    82.9
5,41,62,61,32,22,8,1,1,0,0,0    82.7
6,43,65,56,35,20,7,2,0,0,0,0    82.6
7,55,69,58,28,11,4,2,0,0,1,0    81.8
8,70,76,43,26,10,2,1,0,0,0,0    81.5
9,62,91,53,18,4,0,0,0,0,0,0     80.8
10,65,72,48,33,9,1,0,0,0,0,0    79.3
11,65,78,53,27,3,1,0,1,0,0,0    78.5
12,72,70,55,19,8,4,0,0,0,0,0    78.1
13,72,79,53,19,5,0,0,0,0,0,0    78.1
14,79,82,44,16,4,3,0,0,0,0,0    77.8
15,81,78,50,16,3,0,0,0,0,0,0    77.7
16,81,80,46,15,5,1,0,0,0,0,0    77.6
17,72,87,49,19,1,0,0,0,0,0,0    77.5
18,100,88,29,8,3,0,0,0,0,0,0    76.5
19,89,89,25,18,5,1,1,0,0,0,0    75.7
20,102,79,33,9,5,0,0,0,0,0,0    75.0



87.6:  515
85.7:  434
85.2:  431
82.9:  390
82.7:  421
82.6:  409
81.8:  354
81.5:  296
80.8:  267
79.3:  308
78.5:  289
78.1:  289
78.1:  262
77.8:  249
77.7:  238
77.6:  242
77.5:  246
76.5:  182
75.7:  224
75.0:  192

87.6
85.7
85.2
82.9
82.7
82.6
81.8
81.5
80.8
79.3
78.5
78.1
78.1
77.8
77.7
77.6
77.5
76.5
75.7
75.0

515
434
431
390
421
409
354
296
267
308
289
289
262
249
238
242
246
182
224
192

27
32
37
48
41
43
55
70
62
65
65
72
72
79
81
81
72
100
89
102